$ANSIBLE_VAULT;1.1;AES256
61653235313764373666613730653738356335303737353766636535373766373639313866303033
3730626565363161356362663737383830666562313661320a353639396666323635366630316433
32666438366632633161326639333361616264656131333534616235646332336538656436616338
3537373035633033360a336637653537646431386238313335336632373338656337643035373665
63313334616439333739313865633731306430613336313431646264396230303965616138646362
33376435633439393533376637303662323230343836626536666365366561373837633035653661
66336332653232663932313266393136393731323662316562306330376165616439396462666532
30616136613036363433353431356536303234616539666238323235363135636166616433666430
38633134323934303865363730386335623964313331346263653961663930313334383063306161
37623565636136353761356161636238643836303136383736386362306339346331333034663831
30383532303932376362313563643634303039353736326335396435653630396661386530363931
66616362366235313632393466343764646334303839323862636561626234303335663735636464
65366239393238316366616634346630386434653062323631323164633636613932373139383562
63646531653831653837383064653933626537333636363065626533666235616430336331366264
64613734396131616433383165303064366135343238383364346232613631346637653536333734
65306637333039323231343939303632346263643962323764646263663031323034613636343331
32353465626334346565356162333730363135386465326661303235353536363630653937633533
35356239316631633430366336653365633431336266326365313163303564656534316638373934
65326336333965303039383332333935656132356236336364353938626663623132323630663033
31303865626666343662623731333262653639633865633065383961303237626334626231636138
30666631393762373338363933303364343865343632326561336661333464643633356331326562
66616131306536353130653631323232353536613932646635666536663737343762346633323565
35336633653239626238356662643732353465386533366631643034383533393365393163613231
66336537613538306639373130633037663364653666303466633965643761393664653263316632
37636136376166393762326330323765353534363065333361643663303535336430356162303362
39313537326261323234633164336462323163386335303932383665656637316233353662316639
37316266633438303138306436336438313663336461393765313063343731666461366162303330
62643765386639323737313033333330666433633433393664643639333834336534303064326363
63326532653737396633333263326535656330326630383664626263306466346564353537653834
30383139663334636363313463323038323866356662303530646634613562663436623732636237
35636630383531356437633935633564366163356562336664353931336138653966396136373133
32376233396232343665316439373334373038386236636137316363323266633463333634373433
30353764666531646361316334666365313536623131356235663738613064663436316636373436
65393966356234616532666361613638663663623963653833393238346632636430666633633531
30326564636137653063303735636230393237613062313364356563353737323839636534616536
30316162396364653032643861646162643435323530313462366562373764643235646366616632
37306464303561643865623735396565326434626430666165366662346335623731623938633937
37643964303131356435313561616233633637626533376566623438343839626237636234616539
61383334636237643763613935663633393063393934376565353139313365386462396264353663
66643164663462373061306664633964633862393435666264343662623539353736646561663538
32353339383233383238623366386233343930353837616332353738663336363036663933653330
36643163303564326635363036653739393661316331333530643137613865616138633736383437
61303836393532386435306236616164626438396132303966366631636338316364616335343066
38666334346263613634333665346432656364626138303739316533663837616366313262393631
64663062333863383164383031616633313435623134396338396637653839356237396335323666
39396433643332646630353737663435323833373062373135383162653738393835333539346430
66653732386131343561653537333530366438303632333665383035656433636434336232636532
61376164646662653535663632393237383035376436343535636237326164653765386339326163
30636637333339393165346634396365376137303864633761343966316366313036363861613266
30303537396234376336393131343837666531376431313735333738326137366137323063336537
65656231616438393031386531613134366631343134323361613330393335383739366164656461
65656463376334656166373166323437316338633737636336393333376436636663633733363631
38343938333736636364316539386234316135343466363736626566373632303464343365626133
64306631333433333064646362666463613038386436343132383966656238613962656336383463
65333165376538376464336462643036623166323837333465646235386664656535656236623837
36333232363738366236613566366165313135623564303665366365616134353064326664373039
61636336333436656230343232666330336536643862333838316266623463326262396230646662
38646238353565326235313036663931633761616366333764363133353234383261303261386434
65346662303861633661346364613232643065623839636335653263353434643937626566306565
36356465363561623166616364323930326439393166653234646434313766336331336330393130
38396432373532366661316564346533356335626666336332346436626332616233643638333939
65323339626665363733663264633238373830353638373961613337313638646531626235633035
37316266366435333836313535633531303662336339653439393463326364636130393434623432
34616632333536323165323931346264393236356139366563613334633763373031353862366439
38336262323061653764376135383236326435346461323839383839353130393662613330383433
38346234396665376532323765653632386464326231633462633566373534616539363362343966
64653961303537313533653461313162323934366131666134383231323031313061666537316133
31306138643337353934373763346434343037356565623362316232303934633064376431636561
61653665343862633631343130653537643034326165623661376466623734343836303239356266
37306435323866653839633364363666653365393632336563326166653936613663336530396639
61393666356337393935336466396363373037363866663963393730346133376366306365363631
62303963613636653735336464646130613138323064363263646431623365303261616435636463
30396632383261623831363235633537313332316331303932636237333738303266353365316166
38366561393031386131306330646661363731646233363465303231356566393038616531373238
32303433386135363938353736613032343061656664383231623432306263663466343533336336
34386665373231303030383331323739383132363063633130623431363531353035363366643531
37353462333330636430393838353734346363613133633665393962336265613437636230613134
66656439326564383866376236623931616461393831383764663533316231663333303566333434
62363262323438653835383339613966343536653062336632326637613032363431316561633966
31333362656332363731326136343963346336396136663766353366326539633137633937643838
31313061626330633238393961373663383065313839656564353035613536306232316563336331
64383735616465353935373739376663376261626464336632643532346261653264336438343130
61346163623065383831376133383464653431666338343063343362373364353436303431386163
36616230313765316630633139633731386165346166383062333836613931356561373736613931
62616334343038613036306533393135346637353463666532306130303534383735323762376364
39663235393165333033623930653831313534666666326334323532313136316663306139303362
63643236313733363134386666316238616665636538383465373463626633393931653063613332
64363265623630613535343861666237353664363565373966303137363537376439623839383330
66346438306132343638343732376330386364363136383332353135363865313462653463306334
32393938643033323435343834623863393466633239636662333465643664363434653439646261
35303638623661633463646663346132343339393033316563366633396132653537366338643264
33326231396531653135346536336437623437306333653332323835393132616333316463616664
36333163646235626362333933383832643430633237326165326237613433623561653734373539
37303162636466343036316564336161643830326534663232636263663365333232326138383636
62376563316334313765663638636135333338383265363664373339386361656562323934376230
62626631663533393562656337353632656436353463396231336335666261613464616431383761
61613336343838626133376139646635623632396433653661663834346461303264346532633030
35353331643634666264353334373731393039336162383438316536383862386539316536313763
65316538363864323133346135306133326664626535363266623035643562643032326464363662
34616265646563313630623738623438633963306363666536373365336363373161313865623733
32636366306166383538323737383663323936633535366361626230626235333137313233373933
31313532393861653265643265313735303033326230633532616532643864326435386431633838
62616664633466323765323231333565303737663935303433333232613330386137623265383636
32353034373530653561366234323935313261653561393835363835363564663666643236633635
30363261373934306337623864663934623265396466636462643566656132633232313930386564
64323332643536373939366335386137643364393665363239666562323737613537663038313464
63383134373133666236646262396163393762303264306562353838633937356265353264343333
38643235316330633937666462323131636464303135303639393431343635633565373163613562
64636666343539373431383838653430663137383633343131633935326137376534383662653563
32386363343533306435623234653433316265646163393638633665313162626138616332396236
65366363316264393863356666656463313936613937633761356534643436623465316261313065
66346164306133613933633532346561633666393663373030616365383164383931343965323439
39313334636165663062386463346462613732396461656433383166303336396237313338363034
64313232636534363937346638373766636431313137613333306561353966623865316431336163
31376364663030363061386565363961363361343535656638653164663632613931613735626636
32336237303430646164333634323539353531636662373533393833363263356139336230383238
35656131613265386133346162316363643734376138643537383562383164383563663738643231
63656639363661373933653438326539363563373730646237623566366164383533363138653932
62626435613664303065316362343634623236306463316663393539316164343162333763356638
39663837653561303939633738656530303330633132633439303263366561626431373462666439
31363566623533663261356465333838633237383363313830643530386634616139616632323837
39363265386532666331396165643933653964346333613638616136663062663235313861663935
61316538376561323866376666336462346434643138636538623734636236373738373236363338
32383538613265646437333831656132373266363761376565633966366365353938613362383836
34613433336632613264613738356632646238636331323463646665373739376665323739613462
37643530336661616439633766656565633030636666396136396364343038393438383133333133
333439353063386634393963663166633636
